1407
71
310
1
320
1
770
1
780
1
-1
67
320
2
770
1
780
1
-1
67
320
1
330
1
770
2
780
1
-1
66
320
1
330
1
770
2
-1
67
320
1
330
1
760
1
770
1
-1
67
330
2
760
1
770
1
-1
67
330
1
340
1
760
1
770
1
-1
67
330
1
340
1
760
2
-1
67
340
2
750
1
760
1
-1
67
340
1
350
1
750
1
760
1
-1
67
340
1
350
2
750
2
-1
66
280
1
290
2
300
2
310
2
320
1
330
1
340
1
350
2
360
1
740
1
750
1
-1
56
280
1
290
2
300
1
310
1
320
1
330
1
340
1
350
1
740
1
750
1
-1
60
290
1
300
1
730
1
740
2
-1
66
300
2
310
1
730
1
740
1
-1
66
300
1
310
2
730
2
-1
66
310
1
320
1
720
1
730
1
-1
67
320
1
330
1
720
2
730
1
-1
66
330
1
340
2
710
1
720
1
-1
66
320
1
330
2
340
1
710
2
720
1
-1
64
310
1
320
1
330
1
700
1
710
1
-1
66
300
1
310
1
700
2
710
1
-1
66
290
1
300
1
690
1
700
1
-1
67
280
1
290
1
690
2
700
1
-1
66
270
1
280
2
680
1
690
1
-1
66
270
2
280
1
310
1
320
1
330
1
340
2
350
2
360
2
370
2
380
1
390
1
680
2
690
1
-1
52
260
1
270
2
280
1
290
1
300
2
310
2
320
1
330
1
340
1
670
1
680
1
-1
57
250
1
260
2
270
2
280
2
290
1
300
1
650
1
660
1
670
2
680
1
-1
57
230
1
240
2
250
2
260
1
270
1
650
1
660
1
670
1
680
1
690
2
700
2
710
1
-1
55
210
1
220
2
230
1
240
1
700
1
710
1
720
2
730
1
740
1
-1
60
70
1
80
1
90
1
100
1
110
1
190
1
200
2
210
1
220
1
730
1
740
2
750
1
760
1
-1
56
50
1
60
2
70
1
80
1
90
1
100
1
110
1
120
2
130
2
140
2
150
1
160
1
170
1
180
2
190
1
200
1
750
1
760
2
770
2
780
1
-1
44
50
2
60
1
140
1
150
1
160
1
170
1
180
1
770
1
780
2
790
1
800
1
810
1
820
2
830
2
840
2
850
2
860
2
870
2
880
1
890
1
900
1
910
1
-1
41
50
1
60
1
790
1
800
2
810
1
860
1
870
1
880
1
890
1
900
1
910
2
920
2
930
1
940
1
-1
54
60
1
70
1
410
1
420
1
430
1
920
1
930
1
940
2
-1
62
60
1
70
1
390
1
400
2
410
2
420
1
430
2
440
2
450
1
930
1
940
1
-1
56
70
2
80
1
390
1
400
1
440
1
450
1
460
2
470
1
500
1
510
1
520
1
530
1
540
1
550
1
560
1
570
1
920
1
930
1
-1
51
70
1
80
1
460
1
470
2
480
2
490
2
500
2
510
1
520
1
530
1
540
1
550
1
560
1
570
2
580
2
590
1
910
1
920
2
-1
46
80
2
90
1
480
1
490
1
580
1
590
2
600
1
910
1
920
1
-1
60
80
1
90
1
180
1
190
1
200
1
740
1
750
1
900
1
910
1
-1
62
90
2
100
1
180
1
190
1
200
1
210
1
220
1
740
1
750
1
760
1
900
2
910
1
-1
57
90
1
100
1
150
1
180
1
220
1
230
1
240
1
710
1
720
1
740
1
750
1
760
1
770
1
890
1
900
1
-1
56
100
2
160
1
170
1
180
1
190
1
720
1
730
1
740
1
770
1
780
1
880
1
890
1
-1
58
100
2
110
1
180
1
730
1
740
1
790
1
870
1
880
1
-1
62
80
1
90
2
100
1
110
1
860
1
870
2
880
1
-1
62
70
1
80
2
90
1
200
1
210
1
330
1
340
1
350
1
360
1
430
1
440
2
450
2
460
2
470
1
480
1
870
1
880
2
890
1
-1
48
50
1
60
2
70
1
200
2
210
1
320
1
330
2
340
2
350
2
360
2
370
1
880
1
890
2
900
1
-1
50
40
1
50
2
60
1
190
1
200
2
310
1
320
2
330
2
340
2
350
2
360
2
370
2
380
1
610
1
620
2
630
2
640
1
650
1
770
1
780
1
890
1
900
2
910
1
-1
37
30
1
40
2
50
1
190
1
200
1
310
2
320
2
330
2
340
2
350
2
360
2
370
2
380
2
600
1
610
2
620
2
630
2
640
2
650
2
660
1
770
1
780
1
900
1
910
2
920
1
-1
31
30
2
40
1
190
2
200
1
300
1
310
2
320
2
330
2
340
2
350
2
360
2
370
2
380
2
390
1
590
1
600
2
610
2
620
2
630
2
640
2
650
2
660
2
670
1
770
1
780
2
910
1
920
2
930
1
-1
24
20
1
30
1
190
2
200
1
300
1
310
2
320
2
330
2
340
2
350
2
360
2
370
2
380
2
390
1
590
2
600
2
610
2
620
2
630
2
640
2
650
2
660
2
670
1
770
1
780
2
920
1
930
2
-1
25
10
1
20
2
190
2
200
1
300
2
310
2
320
2
330
2
340
2
350
2
360
2
370
2
380
2
390
1
580
1
590
2
600
2
610
2
620
2
630
2
640
2
650
2
660
2
670
2
770
1
780
2
930
1
940
1
-1
22
10
1
20
1
90
1
100
1
110
1
120
1
130
1
140
1
190
1
200
1
300
2
310
2
320
2
330
2
340
2
350
2
360
2
370
2
380
2
390
1
580
1
590
2
600
2
610
2
620
2
630
2
640
2
650
2
660
2
670
2
680
1
770
1
780
2
940
1
950
1
-1
17
0
1
10
2
20
1
40
1
50
1
60
1
70
2
80
2
90
2
100
1
110
1
120
1
130
2
140
1
190
1
200
1
290
1
300
2
310
2
320
2
330
2
340
2
350
2
360
2
370
2
380
2
390
1
580
2
590
2
600
2
610
2
620
2
630
2
640
2
650
2
660
2
670
2
680
1
770
1
780
2
950
2
960
1
-1
3
0
1
10
2
20
2
30
2
40
2
50
1
60
1
70
1
120
1
130
1
190
1
200
1
290
1
300
2
310
2
320
2
330
2
340
2
350
2
360
2
370
2
380
2
390
1
570
1
580
2
590
2
600
2
610
2
620
2
630
2
640
2
650
2
660
2
670
2
680
1
770
1
780
2
840
1
850
1
860
1
950
1
960
2
-1
4
10
1
20
1
110
1
120
2
130
1
190
1
200
1
290
1
300
2
310
2
320
2
330
2
340
2
350
2
360
2
370
2
380
2
390
2
570
1
580
2
590
2
600
2
610
2
620
2
630
2
640
2
650
2
660
2
670
2
680
1
770
1
780
1
840
1
850
1
860
2
870
2
880
2
890
1
900
1
910
1
920
1
930
1
940
1
950
2
960
1
-1
1
110
1
120
1
200
2
290
1
300
2
310
2
320
2
330
2
340
2
350
2
360
2
370
2
380
2
390
2
400
1
570
1
580
2
590
2
600
2
610
2
620
2
630
2
640
2
650
2
660
2
670
2
680
1
770
1
780
1
870
1
880
2
890
1
900
1
910
1
920
1
930
1
940
1
-1
12
100
1
110
2
200
2
210
1
290
1
300
2
310
2
320
2
330
2
340
2
350
2
360
2
370
2
380
2
390
2
400
1
570
1
580
2
590
2
600
2
610
2
620
2
630
2
640
2
650
2
660
2
670
2
680
1
770
1
780
1
880
1
890
1
-1
17
100
2
110
1
200
1
210
1
290
1
300
2
310
2
320
2
330
2
340
2
350
2
360
2
370
2
380
2
390
2
400
1
570
1
580
2
590
2
600
2
610
2
620
2
630
2
640
2
650
2
660
2
670
2
680
1
770
2
780
1
890
1
900
1
-1
17
90
1
100
1
210
2
290
1
300
2
310
2
320
2
330
2
340
2
350
2
360
2
370
2
380
2
390
2
400
1
570
1
580
2
590
2
600
2
610
2
620
2
630
2
640
2
650
2
660
2
670
2
680
1
760
1
770
2
900
1
910
1
-1
18
90
2
100
1
210
1
220
1
300
2
310
2
320
2
330
2
340
2
350
2
360
2
370
2
380
2
390
2
400
1
580
2
590
2
600
2
610
2
620
2
630
2
640
2
650
2
660
2
670
2
680
1
760
1
770
1
910
1
920
1
-1
20
80
1
90
1
180
1
190
1
200
1
210
2
220
2
230
2
240
2
250
2
260
2
270
1
280
1
290
2
300
2
310
2
320
2
330
2
340
2
350
2
360
2
370
2
380
2
390
2
400
1
580
1
590
2
600
2
610
2
620
2
630
2
640
2
650
2
660
2
670
2
680
1
760
2
770
1
920
2
930
1
-1
3
80
2
90
1
180
1
190
1
200
1
210
1
220
1
230
1
240
1
250
1
260
1
270
1
280
1
290
1
300
1
310
1
320
1
330
1
340
1
350
1
360
1
370
1
380
1
390
1
580
1
590
2
600
2
610
2
620
2
630
2
640
2
650
2
660
2
670
2
680
1
750
1
760
1
920
1
930
1
-1
22
70
1
80
1
590
1
600
2
610
2
620
2
630
2
640
2
650
2
660
2
670
2
680
1
690
1
700
1
710
1
720
1
730
1
740
1
750
2
760
1
770
1
780
1
930
2
940
1
-1
37
70
1
80
1
620
1
630
1
640
1
650
1
660
1
670
1
680
1
690
1
700
1
710
1
720
1
730
2
740
2
750
2
760
1
770
1
780
1
790
1
930
1
940
1
-1
46
70
2
940
2
950
1
-1
66
60
1
70
1
940
1
950
1
-1
67
60
1
70
1
940
1
950
2
-1
66
60
2
950
1
960
1
-1
67
50
1
60
1
950
1
960
1
-1
67
50
1
60
1
950
1
960
1
-1
67
50
1
60
1
950
1
960
1
-1
67
50
2
960
2
-1
67
40
1
50
2
960
2
-1
66
40
1
50
2
960
2
970
1
-1
65
40
1
50
1
960
2
970
1
-1
66
40
1
50
1
960
2
970
1
-1
66
40
1
50
1
960
1
970
1
-1
67
40
1
50
1
320
2
330
2
340
2
350
2
360
2
370
1
380
1
390
1
400
1
410
1
420
1
430
1
440
1
450
1
460
1
470
1
480
1
490
1
960
1
970
1
-1
44
40
1
50
1
320
1
330
2
340
1
350
1
360
1
370
1
380
1
390
1
400
1
410
1
420
1
430
1
440
1
450
1
460
1
470
1
480
1
490
1
960
1
970
1
-1
48
40
1
50
1
330
1
340
2
350
1
960
1
970
1
-1
63
40
1
50
1
350
1
360
2
370
1
960
1
970
1
-1
63
40
1
50
1
360
1
370
2
380
1
390
1
670
1
680
1
960
1
970
1
-1
60
40
1
50
2
370
1
380
2
390
2
400
1
410
1
660
2
670
1
960
1
970
1
-1
56
40
1
50
2
370
1
380
1
390
1
400
1
410
1
420
2
430
1
440
2
450
1
650
1
660
1
960
1
970
1
-1
53
50
2
360
1
370
2
420
1
430
2
440
1
450
1
640
2
650
1
960
1
970
1
-1
56
50
2
350
1
360
2
370
1
420
1
430
1
620
1
630
2
640
1
650
1
960
1
970
1
-1
56
50
1
60
1
350
2
360
1
410
1
420
1
610
1
620
2
630
1
650
1
660
1
960
1
970
1
-1
56
50
1
60
1
340
1
350
1
410
1
420
1
600
1
610
2
620
1
650
1
660
1
960
1
970
1
-1
57
50
1
60
1
330
1
340
1
400
1
410
2
590
1
600
2
610
1
660
2
670
1
960
1
970
1
-1
55
50
1
60
1
320
1
330
1
400
1
410
1
570
1
580
2
590
1
660
1
670
1
960
2
970
1
-1
56
50
1
60
2
310
1
320
2
400
2
560
1
570
2
580
1
660
1
670
2
680
1
960
2
970
1
-1
52
60
2
300
1
310
2
320
1
390
1
400
1
540
1
550
1
560
1
570
1
670
1
680
1
960
2
-1
55
60
1
70
1
300
2
310
1
390
1
400
1
520
1
530
1
540
2
550
1
680
2
690
1
960
2
-1
54
60
1
70
1
290
2
300
1
390
2
400
1
500
1
510
1
520
2
530
1
680
1
690
2
700
1
950
1
960
2
-1
51
60
1
70
1
280
1
290
1
390
2
470
1
480
1
490
2
500
2
510
1
690
1
700
2
950
1
960
2
-1
52
70
2
270
1
280
1
380
1
390
2
420
1
430
1
440
1
450
1
460
2
470
2
480
1
490
1
700
1
710
1
950
1
960
1
-1
50
70
1
80
1
260
1
270
1
390
2
400
2
410
2
420
2
430
2
440
1
450
1
460
1
710
1
720
2
950
1
960
1
-1
49
70
1
80
1
250
1
260
1
720
1
730
2
740
1
950
1
960
1
-1
61
80
2
240
1
250
2
730
1
740
2
750
1
950
1
960
1
-1
60
